image_width: 320
image_height: 240
camera_name: guidance/right
camera_matrix:
  rows: 3
  cols: 3
  data: [252.253170, 0.000000, 158.117844, 0.000000, 252.195716, 126.243271, 0.000000, 0.000000, 1.000000]
distortion_model: plumb_bob
distortion_coefficients:
  rows: 1
  cols: 5
  data: [-0.013369, 0.037870, 0.000209, -0.001485, 0.000000]
rectification_matrix:
  rows: 3
  cols: 3
  data: [0.999988, 0.003676, -0.003308, -0.003655, 0.999973, 0.006424, 0.003331, -0.006412, 0.999974]
projection_matrix:
  rows: 3
  cols: 4
  data: [255.888686, 0.000000, 158.846682, -38.661615, 0.000000, 255.888686, 123.967683, 0.000000, 0.000000, 0.000000, 1.000000, 0.000000]
