image_width: 320
image_height: 240
camera_name: guidance/left
camera_matrix:
  rows: 3
  cols: 3
  data: [252.353735, 0.000000, 158.220039, 0.000000, 252.537275, 122.946583, 0.000000, 0.000000, 1.000000]
distortion_model: plumb_bob
distortion_coefficients:
  rows: 1
  cols: 5
  data: [0.000757, 0.002216, -0.004070, -0.000330, 0.000000]
rectification_matrix:
  rows: 3
  cols: 3
  data: [0.999990, 0.004084, -0.002044, -0.004098, 0.999971, -0.006414, 0.002018, 0.006422, 0.999977]
projection_matrix:
  rows: 3
  cols: 4
  data: [255.888686, 0.000000, 158.846682, 0.000000, 0.000000, 255.888686, 123.967683, 0.000000, 0.000000, 0.000000, 1.000000, 0.000000]
